{
	'index': 2
	'timestamp': 1588306057.0626967
	'transactions': []
	'proof': 101074
	'previous_hash': 4f53cda18c2baa0c0354bb5f9a3ecbe5ed12ab4d8e11ba873c2f11161202b945
	'data': [1, 5, 32500, 'Refurnishing Office Space', 1588306057.0636966]
}
