{
	'index': 3
	'timestamp': 1588299944.7537105
	'transactions': []
	'proof': 227615
	'previous_hash': 49b0db9e2db653692642672434123f4b22e0cece1d8d33eee9ba29551e79422b
	'data': [749.99, 3, 'Random payment', 1588299943.5289493]
}
