{
	'index': 11
	'timestamp': 1588307154.1205652
	'transactions': []
	'proof': 63501
	'previous_hash': 70a285aea09629982912a9dc9646be946e49ec43ffd87a9da7bd305e65316a08
	'data': [3, 42, 0, 1588307154.1205652]
}
