{
	'index': 9
	'timestamp': 1588307153.1925955
	'transactions': []
	'proof': 46961
	'previous_hash': 2e60f54d3abb0efd314004c44ef28489cfcaf4149a91a5f18b61ea2bf46251ae
	'data': [3, 43, 1, 1588307153.1935956]
}
