{
	'index': 7
	'timestamp': 1588306999.1704302
	'transactions': []
	'proof': 310163
	'previous_hash': 23d6411e21cef55302d42e97f512a74d7326fdc0f4a14dbb4a94648a9694bb6b
	'data': [4, 45, 0, 1588306999.1704302]
}
