{
	'index': 8
	'timestamp': 1588307152.860607
	'transactions': []
	'proof': 40015
	'previous_hash': 3b9a5cf2da63f937baf126e4d77e349a67b9a046f98e20a9e8cf062f4812c8d6
	'data': [2, 42, 1, 1588307152.860607]
}
