{
	'index': 4
	'timestamp': 1588297346.931078
	'transactions': []
	'proof': 29456
	'previous_hash': 29d3e8ce16ae9930a0f3d5db03b18e44184bda20d3f57bd59906dea8b3d00208
	'data': [10.5, 2, 'Pens', 1588297345.9871068, 0]
}
