{
	'index': 5
	'timestamp': 1588299752.2769747
	'transactions': []
	'proof': 33781
	'previous_hash': 670ffdad0a0443b534f594f7c8f3e6b66e8dac7c2967d5cc299e11aa99084509
	'data': [500, 3, 'Dividends', 1588299752.1069798, 0]
}
