{
	'index': 45
	'timestamp': 1588307153.749578
	'transactions': []
	'proof': 13349
	'previous_hash': 4f53cda18c2baa0c0354bb5f9a3ecbe5ed12ab4d8e11ba873c2f11161202b945
	'data': [3, 42, 0, 1588307153.749578]
}
